(12000, 20513)
(8000, 16384)
(20000, 17612)
(10000, 27170)
(28000, 5203)
(6000, 15961)
(9000, 10458)
(4000, 10071)
(21000, 5507)
(22000, 3544)
(16000, 11277)
(17000, 4388)
(5000, 16514)
(11000, 7472)
(13000, 5928)
(24000, 8660)
(3000, 9317)
(14000, 8888)
(35000, 11427)
(25000, 8813)
(15000, 18612)
(31000, 752)
(26000, 1604)
(2000, 6341)
(7000, 12789)
(18000, 9342)
(32000, 1887)
(30000, 6864)
(19000, 4077)
(23000, 2308)
(1000, 4043)
(33000, 865)
(27000, 1645)
(40000, 1493)
(39000, 30)
(34000, 587)
(29000, 1144)
(37000, 59)
(36000, 364)
(38000, 85)
(0, 2)
